18
29
44
77
95
111
136
156
168
179
185
190
212
232
261
274
298
311
334
349
376
401
417
441
488
492
495
497
540
549
565
573
595
627
636
660
678
691
698*
714
723
726
728
730
734
744
756
759
760
692
768
774
784
803
817
823
835
843
853
864
867
871
893
910
940
946
954
957
967
974
992
997
1030
1044
1058
1063
1085
1094
1100
1101
1116
1119
1126
1165
1193
1200
1206
1215
1220
1232
1250
1258
1283
1302
1338
1345
1353
1358
1360
1377
1421
1424
1436
1477
1488
1508
1527
1547
1561*(venus)
1587*
1604
1616
1619
1626
1637
1659
1675
1779
1792
1806
1937
1946
1956
1964
1987
2149
2190
2212
2216
2222

